     12 0	4
     11 0	7
     10 4	7
      9 3	7
      8 1	7
      7 7	0
      7 6	1
      6 7	9
      6 7	1
      6 3	0
      5 7	3
      5 6	0
      5 5	7
      5 4	1
      4 9	4
      4 9	0
      4 7	7
      4 7	6
      4 7	4
      4 3	9
      4 3	8
      4 3	2
      4 1	1
      4 1	0
      3 8	4
      3 8	1
      3 6	9
      3 6	7
      3 6	2
      3 5	0
      3 4	9
      3 4	8
      3 4	4
      3 3	6
      3 3	4
      3 1	8
      3 1	6
      3 0	6
      3 0	3
      3 0	1
      3 0	0
      2 8	6
      2 8	5
      2 7	8
      2 6	4
      2 6	3
      2 5	8
      2 4	5
      2 4	3
      2 4	2
      2 4	0
      2 3	3
      2 1	3
      2 0	9
      2 0	8
      2 0	5
      1 9	9
      1 9	6
      1 9	5
      1 9	3
      1 9	2
      1 8	8
      1 8	2
      1 8	0
      1 7	2
      1 6	8
      1 6	6
      1 6	5
      1 5	5
      1 5	4
      1 5	3
      1 5	2
      1 5	1
      1 4	6
      1 3	5
      1 3	1
      1 2	7
      1 2	5
      1 2	4
      1 2	1
      1 2	0
      1 1	5
      1 1	4
      1 0	2
